000 000 000 000 000 000 000 000 000 000 000 000 000 000 000 000 000 000 000 000 000 000 000 000 000 000 000 000 000 000 000 000
000 000 000 000 000 000 000 000 000 000 000 000 000 000 000 000 000 000 000 000 000 000 000 000 000 000 000 000 000 000 000 000
000 000 000 000 000 000 000 000 000 000 000 000 000 000 000 000 000 000 000 000 000 000 000 000 000 000 000 000 000 000 000 000
000 000 000 000 000 000 000 000 000 000 444 000 000 444 000 444 444 000 444 000 000 444 000 000 000 000 000 000 000 000 000 000
000 000 000 000 000 000 000 000 000 000 444 000 000 444 000 444 444 000 444 000 000 444 000 000 000 000 000 000 000 000 000 000
000 000 000 000 000 000 000 000 000 000 888 000 000 888 000 888 888 000 888 000 000 888 000 000 000 000 000 000 000 000 000 000
000 000 000 000 000 000 000 000 000 888 888 888 000 888 000 888 888 000 888 000 888 888 888 000 000 000 000 000 000 000 000 000
000 000 000 000 000 000 000 000 000 888 888 888 000 888 000 888 888 000 888 000 888 888 888 000 000 000 000 000 000 000 000 000
000 000 000 000 000 000 000 000 000 444 fff 888 888 888 888 888 888 888 888 888 888 fff 444 000 000 000 000 000 000 000 000 000
000 000 000 000 000 000 000 000 000 444 fff 888 888 888 888 888 888 888 888 888 888 fff 444 000 000 000 000 000 000 000 000 000
000 000 000 000 000 000 000 000 000 444 fff 888 888 888 888 888 888 888 888 888 888 fff 444 000 000 000 000 000 000 000 000 000
000 000 000 000 000 000 000 000 000 444 fff 888 888 888 888 888 888 888 888 888 888 fff 444 000 000 000 000 000 000 000 000 000
000 000 000 000 000 000 000 000 000 444 fff 888 888 888 888 888 888 888 888 888 888 fff 444 000 000 000 000 000 000 000 000 000
000 000 000 000 000 000 000 000 000 444 fff 888 888 888 888 888 888 888 888 888 888 fff 444 000 000 000 000 000 000 000 000 000
000 000 000 000 000 000 000 000 000 444 fff 888 888 888 888 888 888 888 888 888 888 fff 444 000 000 000 000 000 000 000 000 000
000 000 000 000 000 000 000 000 000 444 fff 888 888 888 888 888 888 888 888 888 888 fff 444 000 000 000 000 000 000 000 000 000
000 000 000 000 000 000 000 000 000 444 fff 888 888 888 888 888 888 888 888 888 888 fff 444 000 000 000 000 000 000 000 000 000
000 000 000 000 000 000 000 000 000 444 fff 888 888 888 888 888 888 888 888 888 888 fff 444 000 000 000 000 000 000 000 000 000
000 000 000 000 000 000 000 000 000 444 fff 888 888 888 888 888 888 888 888 888 888 fff 444 000 000 000 000 000 000 000 000 000
000 000 000 000 000 000 000 000 000 444 fff 888 888 888 888 888 888 888 888 888 888 fff 444 000 000 000 000 000 000 000 000 000
000 000 000 000 000 000 000 000 000 444 fff 888 888 888 888 888 888 888 888 888 888 fff 444 000 000 000 000 000 000 000 000 000
000 000 000 000 000 000 000 000 000 444 fff 888 888 888 888 888 888 888 888 888 888 fff 444 000 000 000 000 000 000 000 000 000
000 000 000 000 000 000 000 000 000 000 444 fff 888 888 888 888 888 888 888 888 fff 444 000 000 000 000 000 000 000 000 000 000
000 000 000 000 000 000 000 000 000 000 000 444 fff 888 888 888 888 888 888 fff 444 000 000 000 000 000 000 000 000 000 000 000
000 000 000 000 000 000 000 000 000 000 000 000 444 fff 888 888 888 888 fff 444 000 000 000 000 000 000 000 000 000 000 000 000
000 000 000 000 000 000 000 000 000 000 000 000 444 fff 888 888 888 888 fff 444 000 000 000 000 000 000 000 000 000 000 000 000
000 000 000 000 000 000 000 000 000 000 000 000 000 444 fff 888 888 fff 444 000 000 000 000 000 000 000 000 000 000 000 000 000
000 000 000 000 000 000 000 000 000 000 000 000 000 444 fff 888 888 fff 444 000 000 000 000 000 000 000 000 000 000 000 000 000
000 000 000 000 000 000 000 000 000 000 000 000 000 000 444 fff fff 444 000 000 000 000 000 000 000 000 000 000 000 000 000 000
000 000 000 000 000 000 000 000 000 000 000 000 000 000 000 444 444 000 000 000 000 000 000 000 000 000 000 000 000 000 000 000
000 000 000 000 000 000 000 000 000 000 000 000 000 000 000 444 444 000 000 000 000 000 000 000 000 000 000 000 000 000 000 000
000 000 000 000 000 000 000 000 000 000 000 000 000 000 000 000 000 000 000 000 000 000 000 000 000 000 000 000 000 000 000 000
